
[Unit]
ClassName=FBP38
UnitType=300
MaxSpeed=360.000000
MinSpeed=80.000000
MaxRadius=1200
Length=11.53
Width=15.85
RenownAwarded=20

[Loadout 1]
Name=2x450Kg Bombs
Type=2
